6690162766
6686730144
6684580122
6689730991
6689320791
6691655225
6693022089
6685156623
6687523788
6693628713
6688959871
6689377932
6683499761
6692873361
6683302571
6687877057
6684401450
6685347104
6691076617
6691160116
6687944488
6689942050
6688638562
6688321294
6691458849
6690163224
6690561111
6689887897
6691183311
6690120447
6693643365
6684370263
6690912211
6692612214
6686073742
6690903613
6692932800
6685041497
6685270013
6692205656
6688529123
6684570756
6687070883
6683460840
6692160491
6689717053
6689783113
6691037181
6692678634
6683306112
6690619801
6690289284
6687077474
6684199118
6692895454
6686178161
6689207792
6687321527
6687448344
6689830408
6691728389
6684492550
6686384184
6685945821
6691090624
6685617441
6692086680
6686281836
6692583112
6687571669
6693699914
6688564972
6687879544
6694142738
6690072212
6690931543
6687601786
6683170869
6687122280
6692397894
6684778718
6691435126
6691335867
6689797740
6682874919
6687301001
6694311263
6689497822
6693711206
6694049504
6686094964
6687846501
6691794417
6689108449
6690035529
6694066386
6690064593
6686970153
6691366522
6692974873
6689670387
6689878518
6686060091
6692972325
6686785921
6692728519
6685345376
6691350629
6686635891
6686714364
6690271160
6684805274
6684997790
6688074210
6692138410
6683791486
6688653692
6687524620
6683389423
6684518127
6686273754
6689358531
6684543812
6693675617
6691407954
6690238259
6693343811
6682972481
6693115825
6686285609
6690416334
6694601762
6693990742
6683318067
6692989737
6692165437
6684374645
6687760445
6683707488
6688368330
6693863308
6692744777
6686926583
6686449261
6688419129
6694576099
6686892954
6692827430
6685293267
6691868442
6688523518
6685277670
6688551048
6691038614
6693889198
6688610532
6694501952
6683706064
6684891779
6692887169
6683902709
6691312691
6691721741
6689019930
6694171687
6688629378
6690019623
6684881903
6688228517
6694248394
6687131318
6691386568
6689773438
6684883320
6690262587
6684376781
6689724888
6688079843
6690031505
6683515789
6691569596
6682927180
6693437568
6690996178
6693494401
6687786126
6683965970
6690394578
6686655077
6684823534
6689373270
6687216747
6689503575
6683064816
6687005309
6683581511
6685383678
6683185787
6688542365
6691234905
6692140127
6685321844
6692937462
6688246186
6693416170
6690016386
6683478772
6688582369
6689741672
6683793677
6683371537
6685459671
6690758328
6687768202
6687956950
6684909005
6692097633
6683520368
6691498128
6687783638
6692440558
6691367763
6685938513
6693002019
6686305060
6693431340
6691629998
6685188412
6685582566
6687566997
6690536933
6687343907
6689679417
6693815323
6693487517
6687318007
6690880688
6688093655
6693935613
6684585137
6690948489
6687906197
6687800428
6683167230
6693532685
6691677237
6684610186
6683573267
6686829187
6694354750
6694000335
6683392377
6693331249
6686889146
6687227146
6690792563
6689087526
6694674873
6688355953
6693056499
6686004256
6691157778
6686013066
6690766216
6686218310
6686732146
6690127575
6689147473
6692045016
6686107410
6689924733
6685025039
6692918764
6692216278
6691425662
6693496388
6685084127
6692347804
6687637413
6692121637
6690895450
6682819628
6691713434
6692789122
6692493504
6684467682
6691774087
6689329941
6689558650
6683629314
6694007574
6689110588
6689019864
6690049955
6689616544
6687126801
6683851252
6688226749
6691291928
6687975034
6689060391
6685569576
6683753264
6688280325
6682854133
6688592991
6685011677
6685575026
6683310804
6687464828
6686744722
6692428965
6687410749
6689467229
6687673298
6692995644
6691899117
6691808870
6688971566
6684181240
6693913546
6683490831
6694512687
6693395860
6690953677
6687015792
6688938079
6694326449
6684001889
6688230897
6692617944
6685510567
6684431178
6692144409
6683334153
6688806786
6693938437
6685958930
6690013958
6685963288
6688146544
6684259913
6689986214
6689043490
6689562794
6691353463
6690770806
6692371928
6692837220
6688692499
6686967326
6687397622
6684074182
6692543370
6694215684
6684601066
6689415526
6691674396
6685271263
6690982678
6689050054
6691175645
6690250909
6690832542
6688641410
6685525593
6684589026
6691255016
6690455830
6691423684
6688232085
6689481491
6689263795
6685310044
6692679751
6690089545
6683425263
6691281321
6690637339
6687350968
6691481380
6686519764
6689544241
6690262363
6694340774
6686855806
6687415864
6688927978
6693614984
6687270740
6690060820
6684985207
6686352725
6689653577
6689084889
6684216264
6684392536
6685279986
6687628081
6685350996
6690745397
6686993305
6693530464
6692728454
6683764431
6683727621
6693056202
6691839101
6684551773
6685065444
6683288620
6689901855
6688143979
6687481397
6685344261
6683343224
6686476285
6683119635
6688180866
6689708805
6685208919
6688214705
6690483506
6690580327
6682844744
6692880055
6691617362
6687001619
6688724451
6693632976
6694452617
6692640013
6685080364
6683712995
6690609409
6686550847
6685498429
6683350165
6685662702
6683503649
6686980820
6692041233
6694010166
6687563741
6687430526
6688907058
6688535114
6689680947
6693450880
6691796212
6687598405
6689280344
6690808095
6694011491
6691829032
6688565372
6683545323
6687797724
6683494061
6685430923
6688989661
6685651378
6690402420
6683599802
6687954871
6694178629
6691790645
6693850855
6692101647
6685253544
6691128440
6682886698
6684729803
6687210678
6694298202
6689885279
6691377884
6689905078
6691675498
6690456128
6688582544
6685547917
6683611764
6690968717
6685255302
6691678945
6683680194
6691168127
6691382084
6691925157
6682891126
6684531533
6687125310
6687145114
6690831642
6692132301
6684318009
6685159495
6690231143
6689500471
6694483221
6694140462
6684257225
6688621567
6689253549
6690052386
6684729686
6694276828
6690668493
6686427452
6692783768
6687354053
6693786426
6688344047
6691002591
6687425861
6690152934
6688881260
6691374071
6683085369
6687658314
6689943516
6691587320
6693595973
6689080747
6691570193
6688596699
6691590401
6684672914
6688421497
6684118193
6683677580
6688256454
6688656872
6692962780
6683942304
6688232994
6694242925
6691690927
6692207525
6684262024
6690074933
6684525351
6686608853
6693849920
6687647378
6693325032
6691479026
6690429443
6692507895
6683397089
6689922321
6688721312
6689936569
6693381487
6684497277
6693383247
6684504893
6690367472
6691462004
6692713579
6690342221
6689578278
6689434170
6688012180
6683553307
6684536212
6685110186
6694664794
6686857468
6688607565
6690110180
6685198792
6692679123
6690440027
6688105994
6683331469
6685455195
6689274398
6683132090
6685417998
6693731799
6687754534
6690664632
6691436808
6693806133
6690254779
6683090795
6691904948
6691883964
6683702220
6690870010
6684741558
6684302176
6683110257
6692214712
6692823108
6685375274
6692007161
6689575894
6687934332
6688627599
6690316600
6685078777
6686613666
6691766792
6691512578
6686936954
6685062036
6683053284
6686808829
6690285197
6691419910
6692251506
6683445558
6690812492
6683900052
6683588350
6693762882
6689890884
6692690207
6691170570
6694294572
6684776495
6682992783
6685912118
6690486977
6683730629
6690206358
6688512811
6693509290
6693045190
6686722551
6691018472
6687676754
6685208123
6686642874
6683619632
6685015358
6686016125
6692890834
6690608132
6692262017
6689923725
6685102134
6683359405
6687360716
6694393253
6690315349
6691644261
6685291523
6686998533
6685326405
6691530463
6691947028
6690114753
6689134894
6684886020
6687304346
6686109581
6685682413
6693284848
6688808320
6688801253
6685742407
6687788213
6685409844
6685932205
6691750192
6684183965
6685924890
6683586212
6688152192
6694452195
6691852631
6684364492
6690036991
6683950954
6689813618
6685006150
6686702890
6688953038
6685104054
6690268710
6687526632
6684635729
6686417896
6683320203
6684750220
6692325797
6692999525
6684610351
6687804328
6685120749
6687591299
6685881983
6691328961
6690590250
6691297087
6691208035
6692721156
6687413644
6692803533
6692658036
6687846507
6689938982
6689029281
6686756132
6691080040
6694020669
6685504861
6691054689
6689801584
6689152412
6683569460
6688005042
6692330261
6682842496
6689187536
6683441999
6693497916
6691558263
6691873695
6689850448
6690179404
6688071727
6684411268
6684368563
6692364452
6689345473
6683866930
6686671909
6691425228
6686104205
6683403780
6687730939
6682901439
6687658825
6688172403
6685979694
6683765192
6687533027
6686125090
6688680833
6694345642
6690634399
6693583454
6689631590
6694082586
6684521653
6687020620
6685313350
6688358584
6692401439
6690877121
6688623245
6694359568
6687683406
6687038950
6694252355
6684943753
6683125480
6688653975
6688823897
6688333279
6685687572
6688142319
6693334390
6692198807
6692883615
6691949797
6684777927
6687855160
6682824801
6686170385
6684619080
6689657685
6689731835
6686643334
6687444066
6692643256
6687834361
6694418032
6690407840
6694377349
6683357407
6686116409
6693386587
6689658882
6690247523
6687830581
6688432512
6689105435
6686499365
6683493480
6687905898
6689535650
6685287843
6683420751
6687325739
6694705451
6688500032
6683381572
6687069473
6689221364
6685239141
6690784920
6688897596
6688912229
6691442245
6685638612
6686871888
6690049466
6693708618
6684450708
6685267443
6683608462
6689087256
6687567802
6692857227
6683885157
6687240708
6683480672
6684121251
6687638624
6688197410
6692171917
6691452013
6686366082
6688489002
6685455600
6691121441
6692237600
6684764292
6684948771
6689309937
6686990076
6692396633
6687050973
6694408442
6684949295
6683315988
6691419456
6684817197
6688772648
6687495530
6688376186
6690358547
6690024385
6687624458
6687331680
6683351391
6689869016
6687629331
6690368095
6690489103
6690297188
6690577883
6683813878
6683924837
6691357498
6691561788
6693650890
6690123937
6691564192
6690567950
6692809545
6690492799
6685798803
6687297413
6691602885
6692493332
6688616547
6685655586
6690792393
6685537631
6686645647
6691666602
6689042187
6690714254
6689213883
6690200459
6691338697
6684974060
6684169416
6689928195
6685399012
6686175645
6688618123
6684446956
6693814848
6684079878
6693403307
6692911701
6685723361
6683042973
6686062520
6686618114
6685969445
6684135990
6691734096
6693664657
6692773198
6683609107
6693942313
6693969892
6691665152
6692093101
6686846624
6693308671
6687511884
6689388612
6690805092
6694683767
6693920724
6693305199
6684421607
6685038909
6683965819
6684069539
6693962467
6693345959
6683972226
6683877134
6691413009
6688181007
6690043391
6683418527
6687271775
6683451483
6690290992
6687409048
6689182853
6691427266
6684715774
6694239880
6690520587
6689504706
6683905947
6691377107
6684133485
6691179817
6686089152
6687775317
6694074784
6694383597
6693359318
6687853606
6691782592
6688224796
6687419655
6683445536
6688238106
6691704607
6687814614
6688353918
6693113597
6688562460
6693428263
6689988305
6683454193
6693822755
6691129850
6685707602
6684422212
6688473791
6687677904
6692930332
6690712214
6691891278
6687252337
6684705541
6694717194
6694448349
6686040834
6689296588
6690667709
6684292015
6690165024
6690263924
6688813470
6690509922
6690113877
6686835777
6692618897
6687198479
6684771860
6682972141
6685132174
6684854161
6685004812
6691502274
6688491173
6690212013
6688305554
6691737090
6686855693
6687241557
6689512218
6684994823
6691854982
6688423732
6692295602
6691185646
6689470454
6687978620
6684013576
6686224696
6688381995
6687689808
6687648796
6686046665
6685286077
6687607634
6683750308
6691483688
6690010121
6691238558
6685245213
6686523834
6690029489
6688726968
6685825375
6688410487
6686592861
6683623222
6689001706
6691963783
6685461315
6690249020
6687035258
6686629077
6685352192
6682862274
6693030944
6688560986
6687796506
6685457634
6686068980
6687740422
6682853397
6693389250
6688501653
6686514206
6686076282
6687286236
6691152177
6693016251
6684965927
6684306014
6689432152
6692894426
6685360827
6686570128
6693721977
6689078117
6689363400
6687737240
6688281732
6691087196
6686379822
6686474560
6687291078
6688285741
6686400900
6689136275
6686294501
6690516093
6687064293
6691084062
6688335180
6687796384
6692832206
6687999199
6687093630
6686838696
6690693156
6694112947
6683088979
6693316755
6688304969
6683221162
6690842782
6691118939
6686008590
6692350793
6689919989
6686923944
6685223863
6691195579
6692941785
6688470802
6686157899
6689778401
6687929121
6693509293
6685031802
6688887816
6684638827
6686020261
6693294987
6684500331
6685877420
6690739990
6684087715
6686211924
6683862530
6687265150
6687330838
6694245429
6684699027
6688631048
6691423082
6690958791
6689419110
6685170939
6688152891
6688435844
6690797155
6684632917
6693127828
6691356064
6687622178
6692102479
6686565494
6692813234
6691647481
6691275798
6693027737
6694108362
6690005966
6687607531
6688474356
6686728358
6689810918
6683030987
6688455248
6688491012
6693045402
6684279192
6690278227
6690876517
6693573752
6688003981
6689792698
6692745178
6691373935
6693633618
6682906584
6687594616
6688535542
6690875487
6694694461
6691268071
6686455437
6687827162
6693346546
6689048443
6687586528
6688449100
6685230561
6692847010
6683472840
6687243902
6684445029
6688192679
6691771557
6686920304
6684372952
6688677512
6691958910
6686155238
6684527611
6686032478
6682913768
6687514258
6686650476
6689192533
6686962645
6692007707
6693405737
6682839193
6689894910
6687934507
6693118208
6691141549
6684014469
6693081995
6688560297
6682966792
6686850626
6689270267
6689030536
6683693318
6691354780
6688499677
6683585014
6682870553
6683927199
6684207004
6689394261
6682894099
6690231594
6691608308
6689099136
6688949944
6689448532
6686897789
6687080536
6693128629
6685123762
6690652823
6692272727
6688488515
6690391729
6691680338
6694427395
6692791766
6686740562
6694699092
6683987758
6691452608
6693406322
6683084391
6683015564
6689532844
6683327689
6690751493
6689639834
6693270049
6686218109
6684971843
6686532150
6690166899
6694527464
6689706805
6694138520
6682804670
6691637492
6684488597
6692031102
6686813772
6693082133
6688822077
6687282314
6683928704
6690500499
6690687925
6686828582
6684938193
6692571095
6692909790
6690067304
6693601520
6683641895
6688122146
6694308746
6684476792
6690552223
6688858020
6683051324
6693778856
6689951602
6688637432
6684556927
6686545296
6688088717
6685323570
6690942852
6689412144
6684222941
6682857818
6693792989
6689624601
6683430152
6683883045
6686305568
6684414599
6694109727
6687260159
6691678935
6689912590
6691474117
6685129130
6684457807
6689118687
6688796274
6685069888
6693554042
6692779560
6689180006
6689123925
6683981016
6690838944
6689760384
6686878951
6692788613
6687724725
6691498688
6687065258
6689750271
6684933077
6691806128
6685458827
6692651058
6692103041
6692197967
6691927477
6693947904
6694489058
6694195727
6686090345
6692306842
6689963776
6691099581
6686300159
6691341135
6688764950
6689815952
6687196812
6683400310
6688036729
6686538853
6685824283
6687008398
6694202413
6691710225
6688636427
6690746955
6689449236
6688182920
6684863826
6690582987
6692347886
6684842822
6693521537
6692794387
6686338864
6690300935
6693518497
6690985479
6691746688
6690092959
6688026562
6687413977
6686004407
6692843749
6690069084
6687544904
6692806590
6685336538
6688528228
6690166139
6692946535
6688014038
6690981602
6694315954
6693283176
6683227279
6687060912
6692592752
6684257505
6691514234
6686244914
6683657328
6689227622
6692080120
6685290870
6684690112
6684525933
6684508939
6684885244
6692716944
6690428544
6687558742
6693778422
6684388644
6687832456
6692091631
6693535485
6689948243
6691396937
6687554634
6693593593
6682847253
6687037416
6691683029
6689978800
6691979426
6694235077
6692162402
6690933350
6683409934
6690431266
6688060526
6691532414
6688794713
6685253335
6687458477
6688052245
6683868976
6691507103
6688285581
6692896206
6684653433
6692638160
6689117304
6692765884
6682922697
6684321544
6690309954
6690013404
6689894767
6690405722
6688769561
6691951166
6693447858
6687881485
6686920042
6693038685
6694320356
6691695214
6691764136
6691553315
6686393870
6686949022
6691971197
6689666388
6691017952
6682995102
6690189059
6686096176
6694656293
6683562025
6691935849
6690754537
6687521148
6683660848
6686480555
6688722261
6690939906
6689185356
6683253635
6688845034
6683579691
6683071984
6691281043
6683076729
6684309887
6683095759
6688117163
6689869980
6689608554
6689884590
6691605714
6691400232
6690620780
6690029640
6688587843
6691020538
6687306332
6692429859
6684454345
6691857294
6682881970
6690611527
6688898783
6683606814
6688131464
6692486729
6684868364
6690255804
6684566551
6690828641
6687081464
6685903234
6684474535
6688789176
6690621942
6691384217
6690170153
6686935164
6687888987
6688547572
6684807313
6685988641
6688040581
6691488495
6685819925
6687593809
6691202304
6687325672
6693647742
6690417846
6690423673
6689413158
6687124106
6683197858
6684162554
6686057339
6691492486
6689231100
6687879013
6682928966
6689007105
6688496443
6687533716
6686359535
6691936256
6685487929
6694465974
6688493863
6692092483
6688381892
6692821635
6686923252
6686194093
6685508466
6685078422
6682982834
6687055749
6683690946
6691042940
6693467900
6691044983
6687038723
6694070330
6691744680
6689551207
6683035366
6689052750
6684929516
6689074895
6687223576
6690996479
6685916816
6692916863
6684903213
6693454778
6691703782
6689411047
6692190912
6683664269
6690201482
6684258443
6692764577
6693813382
6685990924
6684677453
6688425561
6692248765
6692739420
6688348321
6685560455
6686375957
6684402605
6685239519
6691669421
6688413213
6692210872
6692288108
6686105089
6684331821
6688895207
6686924554
6691611176
6682957527
6694137180
6687131892
6692741643
6687023911
6690412231
6687791461
6693536906
6682970578
6686439124
6684774794
6688388845
6687577413
6690861625
6687368042
6690403541
6689022057
6687396571
6686683432
6685955904
6682828693
6692209440
6689605940
6688258307
6690026042
6692851606
6689481226
6685224290
6689604415
6688714589
6689063109
6685331176
6682835392
6687488651
6688313898
6687017649
6692171292
6689122533
6683513000
6692892530
6684963321
6692015017
6687054287
6694259923
6694601957
6693436912
6693683255
6689495345
6689982135
6683934747
6688967332
6692432755
6691429711
6688032275
6691614918
6686024516
6687823377
6688753296
6691272637
6682969990
6682867649
6692473636
6692408227
6683275771
6688264219
6687430099
6691056058
6687465380
6688709062
6687143492
6686277851
6683397079
6687439836
6684853895
6691321220
6694514789
6684135114
6683062216
6687103329
6689240518
6694706877
6691080747
6690626864
6690215188
6693513057
6693492997
6690106702
6693870070
6686562167
6691238563
6690516556
6685950431
6690097603
6687804449
6685095722
6683190722
6691115124
6685342288
6686522370
6682822442
6691917209
6689928806
6691338723
6694596350
6693370749
6683635033
6685393754
6686620378
6690656246
6689513474
6690464278
6690842029
6683516768
6683880535
6690323082
6684086872
6690534894
6690280094
6688476116
6689973043
6692156438
6684736644
6692055137
6685546956
6683960224
6687057537
6694062814
6684968195
6694300051
6688461082
6690725979
6685559769
6691103162
6688738498
6682942287
6684152253
6687384505
6685863755
6684538029
6692993118
6693417768
6691322457
6692066130
6688515448
6686459740
6686859741
6690136930
6686213916
6682866329
6691020481
6692141539
6689168809
6687079627
6683664079
6688462737
6683007273
6691072803
6690042721
6689062145
6688083923
6694038541
6683872683
6689540703
6692004861
6694081554
6686563410
6689028791
6691916065
6685388470
6684217726
6691628614
6693408936
6693799776
6686752843
6688962715
6688886231
6690955045
6689853395
6683220400
6689409824
6686780122
6685054793
6690292023
6690007445
6691486517
6683022019
6692683830
6686762283
6683836966
6690624908
6684693784
6689600097
6684941667
6691223612
6684621096
6689498232
6685943010
6691647445
6686601958
6685869152
6690489833
6687887668
6683218911
6683242043
6694550739
6692913640
6685784261
6691266117
6691583335
6694135261
6688828493
6682822816
6686519255
6691308701
6685392186
6694054172
6684446321
6694205867
6689221258
6692237575
6690513631
6683099462
6687654218
6690311250
6691011727
6692633507
6690345695
6687660631
6691719216
6691975620
6688331213
6687324404
6692370722
6688749575
6691289971
6685054015
6685395298
6693790731
6690375032
6685424555
6692743183
6684178278
6687253222
6690170672
6684023138
6686224543
6689591335
6691758834
6688868662
6688313322
6683600842
6686176642
6684831353
6687891537
6685250723
6690255782
6687515399
6683594095
6690008567
6689039643
6690734261
6686473283
6693464078
6687017413
6692759990
6690227423
6688465696
6693855074
6686319656
6682988377
6692895830
6688781436
6690426783
6688124757
6693375850
6687471858
6685030575
6692057495
6690423821
6687060875
6685048728
6691814029
6686135410
6685434618
6685769269
6693049992
6686958658
6691095351
6687625643
6687429960
6688960195
6693628875
6689980237
6685412456
6686742606
6684667850
6690362335
6690108182
6689934444
6689856503
6693444801
6692970019
6687378815
6692154167
6688248860
6693454711
6686855040
6690419702
6688705321
6683887836
6687028491
6686776038
6692341823
6682855028
6685765952
6687653491
6687133454
6687261586
6684675598
6691380892
6683660243
6690091526
6692657636
6691464700
6686410036
6685623570
6687142434
6686783599
6688915774
6683392985
6683307281
6687024032
6692966837
6689332809
6687640250
6689755741
6692252656
6693902604
6691850006
6693558453
6693996442
6687779703
6690475808
6691227401
6688478685
6693718926
6687772272
6686450268
6691197290
6693811300
6692722698
6689641471
6691361074
6690100419
6687085234
6687831502
6691952853
6688822076
6689097173
6692665660
6689004913
6694598510
6685180034
6685613141
6688795710
6684844809
6688678801
6690073609
6694189590
6693276069
6693488369
6690616369
6689861877
6686102856
6692283714
6687511039
6694084384
6684351520
6689560600
6691804858
6693022718
6689692905
6684825308
6687340846
6684396786
6684656683
6692857094
6690494174
6684686718
6687450793
6689044947
6684268034
6684439534
6687643834
6691413050
6692687128
6686913381
6685314171
6691922428
6686807983
6683495394
6691534638
6687159813
6686891923
6687128730
6692056633
6686607716
6686985092
6690958038
6691454196
6690218958
6684329190
6689516034
6691664055
6687395029
6683465664
6684233324
6690960963
6686724017
6688168851
6692522772
6691430480
6688019038
6690051142
6690443600
6690927144
6694567509
6687821792
6687556511
6683987979
6684418946
6688401757
6694364274
6691322233
6694014379
6684295737
6691386832
6691463253
6684649065
6687111046
6692803462
6692870698
6683049742
6683763902
6683248832
6684744529
6689691954
6689472619
6693389015
6683171154
6693896678
6692752522
6691689329
6683910035
6682802172
6684057892
6690819668
6694376822
6686140313
6682954047
6689196008
6691277816
6683671487
6687960184
6686203681
6683707876
6687540520
6687716351
6686864772
6686586762
6687713892
6691609229
6690296882
6688719798
6690448078
6683678161
6686144866
6694284280
6691072465
6686547249
6684293135
6686162568
6687572146
6691325598
6687266025
6690943968
6690316006
6692841432
6690639003
6688267915
6687821012
6685328706
6690006608
6692811677
6687992816
6689978267
6684565142
6687334194
6687996251
6690133751
6692435027
6687895274
6684395160
6692660169
6691218924
6688970134
6692923079
6682861202
6689173836
6688510065
6683806717
6686819357
6686861012
6685564724
6691598345
6692310477
6690788204
6686860227
6692914538
6687902777
6691573278
6682942153
6683936949
6693697756
6691613615
6683715187
6686433640
6689848989
6694118776
6692608896
6690069351
6691108504
6692853660
6684704834
6683979424
6692549546
6688377996
6687102588
6689159434
6687584561
6693012892
6691824412
6683686840
6693827929
6686431756
6683534522
6682821245
6691168468
6691242958
6691528835
6692360407
6690035341
6689945065
6688819660
6683449276
6684406976
6684956922
6690208230
6692141216
6685845843
6687752592
6683465800
6687850241
6683133948
6688608904
6691191693
6683560298
6685186795
6689161270
6686622987
6689158078
6685325937
6688135488
6694520667
6685318750
6683944957
6693289651
6690135714
6688452873
6684340634
6684835276
6689486844
6685066871
6693399599
6688099736
6688991813
6686661614
6689183747
6684663047
6692062878
6688936454
6684700823
6690990594
6690444687
6688123298
6689695674
6688365044
6690073035
6689071803
6690488201
6692901647
6686590298
6683652621
6686591306
6687359723
6688974183
6693623526
6686687472
6691062941
6690509050
6685050375
6687902178
6693778327
6684359403
6683939027
6692235142
6690074337
6690877018
6690923569
6688821502
6694516461
6689443282
6688448378
6693497217
6687421781
6686201853
6691616435
6685084906
6688396997
6687855026
6690272306
6685009433
6687103696
6690193133
6692728742
6694508368
6690679325
6686390805
6689164787
6694621520
6685013062
6692695461
6689991722
6683545948
6687650677
6690586515
6689311539
6688280250
6691130582
6689116136
6693102376
6685745746
6691468549
6684118610
6687487569
6683219293
6693893322
6687262921
6690574779
6689283140
6691537591
6683388407
6693333906
6687562725
6686315617
6688521957
6685429601
6687030814
6688754690
6689344584
6691912333
6687722188
6694685652
6683570278
6683150021
6692829138
6688204665
6682996756
6691726653
6690525411
6691324155
6692045626
6690207888
6686187336
6688536244
6688583258
6685316149
6689495278
6688223241
6688434296
6690852967
6691705717
6686148205
6688661757
6684473168
6685028142
6691091576
6691665219
6692089883
6685487086
6691388989
6690678280
6688333413
6691767518
6690251162
6690181950
6692154185
6684254894
6690940725
6691516979
6689382836
6682816002
6692022429
6691713879
6686597659
6689676975
6684794295
6690030260
6690396314
6687311162
6691589702
6692184292
6689132813
6685410206
6687005803
6694144976
6686250291
6689249872
6691753264
6693113056
6688532767
6693019643
6694555163
6690676172
6691993732
6689179844
6683193389
6691009557
6688689011
6694506247
6690741578
6687111172
6694230958
6690160424
6687382138
6694085197
6686716775
6683699142
6691147074
6685487162
6687552278
6686909943
6688343484
6691450637
6692422145
6692319399
6691174817
6682888328
6683541840
6683842935
6683377990
6690862889
6694296181
6691359768
6683628848
6690779100
6684572698
6689648778
6689866146
6688424328
6686036768
6683242920
6686524751
6687670111
6693052050
6687709128
6691956626
6694257264
6686594873
6688769881
6682812342
6689330365
6689853892
6690241894
6691893148
6692928123
6694149433
6685676735
6694360755
6683024121
6692117684
6686708193
6690137873
6694386762
6688479479
6688585897
6694186941
6694641570
6683557375
6683434189
6691422051
6687153857
6683475705
6683207087
6694186698
6691860036
6683732808
6687923995
6684007167
6691577582
6690059923
6685719425
6692858126
6689277236
6688196550
6692028330
6686135538
6685022766
6689621783
6688986742
6690358654
6684330076
6688562682
6686994057
6683171270
6694182904
6694661233
6687745265
6688473832
6692918871
6691999102
6693281879
6688591838
6694692000
6689989894
6683618369
6686052476
6689920605
6687184969
6693906964
6683072432
6683811095
6692830721
6687829640
6690915742
6689687954
6693649081
6687940824
6688633002
6688459618
6692757313
6688522745
6694594032
6686712577
6683548321
6694333252
6689597914
6685355959
6690071383
6691555951
6689170208
6683435032
6692072499
6694151874
6691909202
6689267017
6687764290
6691490232
6690660291
6685842994
6689843094
6686005397
6689443069
6686806224
6685276360
6683345418
6683450589
6690330622
6690942237
6689615013
6686185229
6686038047
6692707808
6690061050
6690202877
6687684226
6691187201
6684336117
6687231190
6690447128
6687922609
6691127706
6689979909
6691858255
6688570045
6683209736
6685228699
6688100750
6686371767
6684466695
6688170400
6687249480
6685498933
6691793498
6690104801
6684428937
6693505237
6691703501
6683327047
6689952832
6686583028
6690020661
6694435919
6685367492
6687350265
6690046805
6684416371
6687066822
6690291956
6686963556
6690544015
6691580791
6686920648
6690082976
6683688655
6685977175
6689125584
6689878464
6684098690
6691317193
6691971931
6694292496
6683463737
6688651229
6684957359
6687153309
6689510701
6690237640
6693993831
6684296958
6688187062
6691584888
6691901564
6686183276
6682966264
6691615130
6691788808
6683921418
6691108133
6689714026
6690305950
6689106577
6691286031
6690107976
6694326564
6683529797
6691319300
6692488329
6682919175
6687279190
6685173591
6692477646
6694306830
6683846485
6689532340
6683783951
6683243476
6688620682
6693324768
6684491728
6688162545
6693415152
6686242730
6689773159
6689440269
6691299334
6690145249
6684252289
6691003418
6687403519
6688598888
6688946638
6688441515
6691639974
6686510455
6692861483
6692426073
6683764941
6689176658
6685384983
6688660053
6689895041
6687329971
6692628014
6684764348
6691148832
6691742653
6692304948
6693342946
6690950407
6688234064
6685611956
6686566933
6687052169
6685251406
6691068142
6688879047
6686953936
6684384764
6687772255
6683956225
6683454657
6684364419
6690503101
6687056981
6687088285
6691210496
6690913126
6691051568
6693780030
6687681891
6687198546
6683846209
6689745479
6690795312
6693852853
6685167520
6689981163
6684616347
6694701824
6691597474
6687347202
6691127176
6688407626
6691506022
6686808257
6689142497
6690078553
6689384899
6688112841
6683684440
6684051567
6684849585
6687186800
6689757969
6687472199
6692199853
6689422594
6688800320
6686068678
6690253879
6690486529
6686633944
6691893501
6692048230
6691451290
6684312668
6694225201
6683668773
6694495124
6694288534
6690880904
6685676948
6690817049
6685972772
6686661690
6682909494
6685348382
6683633707
6683611757
6690705070
6684494428
6691489311
6691586897
6694647808
6692024790
6686627795
6683231697
6693549748
6684546854
6689706438
6691166876
6688111282
6691500693
6687382386
6685360197
6686926034
6684641240
6684300018
6683973759
6693290758
6690921024
6685277310
6690580611
6688336422
6690493553
6684636084
6693061631
6692519986
6693557858
6692060696
6690602359
6687161395
6684277383
6690012902
6691262863
6689459913
6694559223
6692736772
6684314416
6683909778
6683642705
6688644351
6693840345
6683080555
6690812320
6690097839
6692835928
6685377976
6694228188
6690087852
6692875244
6684915777
6689346705
6691003339
6693108930
6694024773
6683371407
6692980750
6683129137
6688472881
6693118446
6689810120
6689121417
6690743065
6685108273
6688469238
6693638934
6692826521
6683831665
6688438420
6692153122
6686625020
6687996868
6691455237
6686044332
6687695061
6687777284
6690989060
6690528195
6692987633
6686463900
6694639479
6687316441
6690610130
6688315421
6685601008
6693880267
6687192532
6689418522
6685873445
6682879031
6687983526
6689318090
6688940524
6690293672
6683382456
6685216555
6689714787
6693090284
6687236567
6689844644
6685530589
6694406543
6693453301
6686961679
6682885946
6692178777
6690263865
6689762575
6685122433
6687108171
6690554833
6685929724
6682929599
6693265285
6691568667
6692471028
6685145214
6686562782
6690116760
6684048050
6690848692
6684602115
6686978848
6692627617
6690614897
6686422521
6686964283
6688058551
6686777873
6684547881
6688512145
6688702319
6686268687
6690899473
6692904764
6687171697
6690014728
6690910754
6690886263
6686555094
6693424875
6686333181
6689429952
6688213203
6690934916
6690156255
6685198144
6694476185
6688931523
6686671694
6693438104
6684593837
6687851149
6688226448
6689956920
6693686557
6684579410
6687139614
6686232659
6683030592
6692170621
6682831678
6692174672
6684359720
6689638874
6691830114
6690513891
6689941424
6687252643
6689019702
6690770415
6685482076
6690630265
6687369359
6694592984
6691136206
6690131381
6682807019
6689722080
6694338313
6688701776
6688586179
6688505965
6683180795
6691148245
6692730657
6688998973
6692752229
6684015790
6694333620
6691057108
6690333277
6684873176
6685155381
6690565691
6684111269
6684627688
6690137413
6692011253
6687470570
6685690519
6684483523
6691415821
6691118519
6683456081
6690185286
6689214942
6690695979
6684944331
6693356798
6692768506
6688343100
6683155383
6685521755
6687910873
6692277515
6686282407
6684672995
6691035503
6685492797
6693745046
6683805099
6683732965
6687148128
6687290633
6683730707
6688272584
6683860465
6684659449
6688518626
6689077158
6685065021
6691431780
6686801283
6686259467
6685364501
6690673892
6686325170
6692569158
6686399835
6684521211
6689069106
6683099897
6694708238
6692339537
6690339410
6692928886
6693971523
6685526291
6692140519
6683439140
6689847318
6691185456
6690851245
6694687552
6692037608
6686595088
6683981363
6685724274
6686227904
6694312741
6692321345
6685403876
6687707731
6687099893
6689034427
6691143059
6682905727
6689484857
6687006752
6684009695
6689200091
6690780279
6692476449
6693337430
6686017965
6688395658
6691559038
6685989230
6685993993
6685131814
6686676028
6691240676
6686693570
6693725191
6692927902
6691754632
6683301480
6686152077
6683743055
6683728385
6693059490
6686167820
6693662875
6694272988
6686842975
6687730326
6692225440
6686129892
6683768067
6687644240
6686611362
6685373291
6687112856
6686931129
6685149228
6685117482
6692819583
6687977303
6684967616
6693517368
6686966611
6691309745
6689350197
6683407171
6685719117
6692992163
6686922977
6690003867
6689060748
6691217828
6683622028
6685018959
6685422206
6694276815
6686755729
6687433141
6691286158
6685812422
6688760295
6684347088
6690108993
6690143152
6684512916
6686956935
6685583880
6686257347
6692636419
6690081156
6689689388
6685770565
6685544287
6690144646
6690729556
6685397779
6687590193
6688447591
6689227186
6689662615
6690873794
6685982112
6686863609
6692863235
6690245315
6692942936
6690054744
6686935162
6684356218
6683525373
6692453136
6683414048
6687217082
6689789512
6689999670
6694307784
6691389176
6693079186
6690599844
6685359662
6687179525
6689350060
6691395227
6691920244
6685309822
6694410823
6688933275
6683253719
6686930096
6689700418
6687284988
6692489324
6691844365
6686762211
6688127572
6692134920
6687974126
6690775271
6685813568
6691350046
6688385941
6689104196
6687478510
6694465524
6686409086
6687592149
6690962088
6687193951
6685041502
6682884562
6686902333
6692069713
6687986522
6688727006
6688699035
6693932262
6686505100
6686499929
6685953920
6684212779
6689547530
6687892921
6689840990
6690178254
6692444853
6682923956
6682959088
6688165632
6692947183
6690227882
6691283452
6692275455
6683725698
6689743900
6688253718
6692566146
6693753033
6684539019
6684186513
6687870685
6686319361
6689625617
6683375096
6685711729
6689802396
6684888766
6692378411
6683295626
6687670931
6694350755
6687438905
6686980591
6685092972
6689415401
6684269885
6688463692
6694030077
6684009938
6685215795
6684340078
6690150297
6684611657
6684324016
6689697136
6686325413
6687276043
6688548382
6690353148
6687169517
6686484248
6690531089
6689070455
6691631456
6690501425
6692003336
6683722354
6690154251
6684190996
6683092813
6688786783
6683856458
6690552051
6692014673
6689243449
6686523545
6686510130
6690126810
6686118040
6687456245
6692685911
6683895141
6690931990
6688664090
6687336605
6694164624
6682920047
6693448171
6686769991
6694232806
6688479802
6690149099
6691890073
6690558654
6683371309
6683137954
6689672313
6692115865
6694563583
6684529456
6688716337
6690526097
6687946285
6691764083
6684724883
6693459916
6693373613
6689963179
6692865663
6694193019
6691538728
6690925504
6690774987
6683461419
6693093605
6689296463
6685714742
6691356360
6687407337
6688955478
6688765746
6688851883
6687666213
6690996847
6683848517
6682801676
6684947256
6691445431
6690215509
6693573328
6686760422
6691244970
6685629480
6691295429
6683009522
6686875107
6686822088
6685146367
6686237656
6692525150
6689118976
6694245921
6693392912
6690892890
6688537653
6690886620
6688747424
6684290562
6689164487
6692855170
6691471741
6693860334
6684081296
6694263412
6685284646
6687044309
6684548634
6683128922
6688564518
6686552723
6684240176
6687412773
6686513903
6686030079
6686893837
6693594507
6683627369
6685381772
6683150087
6691061839
6686322295
6683697156
6688028749
6685368970
6687583350
6689985651
6691199393
6685046609
6688055905
6691594243
6692336070
6693504051
6688054234
6687033621
6685926837
6686290112
6694696986
6689218345
6692844782
6689805297
6689795024
6685929582
6691500720
6690967383
6683173110
6694470080
6692066124
6686425698
6687682922
6688520381
6693295774
6690681361
6684795478
6685804227
6693285885
6692620319
6691210565
6690458621
6687320926
6689507979
6682813913
6688690417
6685128224
6692930644
6684932011
6692123768
6683293619
6690160803
6683273721
6683088452
6694199806
6692529423
6694370167
6691472862
6690531554
6687835597
6687435889
6684029073
6687538314
6691832184
6691560867
6689819155
6692039804
6694336679
6691878565
6691532394
6683267093
6684342907
6689860635
6686055678
6689911191
6692218200
6686384594
6683139560
6685146567
6683591467
6690699287
6684947516
6693287335
6691000442
6692241732
6688422904
6686299632
6685680892
6688527545
6683614908
6686643318
6690999683
6691311721
6687791082
6684212247
6689738835
6683532206
6692080481
6692814646
6689502451
6683315386
6690323410
6693304388
6690085068
6694066632
6692887263
6689581442
6684847024
6690279823
6687921617
6684469261
6689793359
6684991445
6692906959
6691809622
6692051904
6691945251
6685462969
6691622070
6688304007
6684622684
6686257045
6685480780
6683286705
6686616574
6688614131
6694204855
6687223147
6684815219
6693767420
6683736164
6683578753
6684760430
6684150836
6685357235
6685076447
6683511368
6687597758
6684026727
6694171210
6694270851
6693033835
6688904177
6683052765
6682918060
6688245214
6683501556
6685797939
6690121266
6688310643
6685432185
6688914469
6685772023
6693381142
6688033319
6694413064
6693822932
6687982208
6689012789
6689291432
6689829758
6688634165
6691845995
6690134839
6686271903
6689518948
6687943465
6691852368
6690896216
6684292074
6694281135
6694374701
6691197758
6694046779
6687703228
6692108037
6691055785
6686390171
6693830201
6694423763
6688980806
6685281224
6683811919
6683354051
6688407592
6694249807
6686516835
6687294103
6687401189
6688176085
6689842105
6687113217
6684412496
6694443646
6684923392
6694279661
6684540615
6683010671
6689967853
6683779535
6685097674
6693988441
6690101584
6688866465
6693363549
6691394066
6691877326
6694679795
6691928231
6693473011
6688504206
6686530659
6692157423
6693562242
6691637792
6689564142
6686445340
6691880955
6693968307
6685488027
6691510182
6694031479
6682950434
6693657144
6690518353
6692850434
6690435941
6692699833
6683071661
6682913648
6686253490
6685433682
6692815530
6693111778
6693893741
6685214845
6684785538
6691068985
6694549253
6684985665
6689727584
6683984299
6689316992
6688052300
6692024075
6685916558
6690182778
6691829193
6684695413
6684769779
6683078366
6687425441
6693404446
6688719941
6690032928
6684889131
6690026501
6691334362
6689862673
6688070542
6682968935
6685312275
6687537580
6683982418
6688503519
6685318717
6690571796
6693556390
6687965546
6692386234
6689666070
6683276029
6686498407
6687378751
6690572524
6692099268
6687090311
6685088346
6684825126
6685736587
6690188059
6682939698
6690507485
6690388215
6688216658
6692961242
6690665801
6691860954
6683227137
6693962173
6690923898
6689246844
6687519058
6692657457
6691580310
6683296199
6684806778
6690456798
6692897202
6689332095
6687990972
6689007888
6691846939
6686663970
6687527173
6685381266
6683756192
6688690159
6683768229
6686097330
6692257242
6691985672
6684400150
6689605969
6693411939
6692143065
6684868998
6692589233
6687931481
6691507819
6688041854
6687908311
6685176540
6682982333
6685183688
6692207903
6689155995
6684015239
6689824230
6693450929
6690703391
6691908194
6691025461
6688289345
6686652805
6693705769
6688450690
6684265765
6691033492
6686365395
6688577304
6693075564
6685188016
6691436816
6691903075
6683911507
6685151365
6690865520
6690892315
6689435998
6691745965
6694303732
6684432409
6683509685
6685898009
6690849431
6688733573
6694255558
6691687508
6685425971
6692688045
6684727099
6687166934
6694179687
6684953928
6694452022
6689718332
6689802126
6684105392
6687486623
6688803530
6689832813
6686007715
6689445693
6683002584
6690176012
6689977837
6688201121
6692222267
6689628997
6690837164
6686026048
6694328511
6692875489
6690316881
6693837209
6690537613
6687814308
6686880117
6691525496
6689662415
6686769470
6684770287
6687042656
6686791904
6689094314
6689262194
6689036269
6684601267
6688403386
6684574079
6683854895
6689887179
6689008317
6691636506
6685137668
6690334619
6689960291
6694532888
6688603157
6685415928
6691545235
6687236702
6689763867
6690063465
6683535726
6686856060
6687321670
6684975543
6689259569
6686085377
6690083118
6687530875
6683648161
6683587099
6685841166
6686895528
6688368005
6689960932
6692837454
6689520285
6686681180
6692120460
6686052529
6691632600
6692179675
6694438449
6693298728
6690002985
6683261932
6691587010
6690039239
6688759707
6684171296
6685340992
6693337794
6687871394
6694620337
6685465117
6688222206
6683696812
6683897419
6692972262
6684643461
6692871827
6685198628
6688093416
6693527230
6683633042
6692936945
6686995009
6687266085
6686451562
6693396976
6683486570
6684514777
6691895422
6691378465
6688145737
6693412218
6685263788
6685261340
6693461484
6683308551
6688026520
6684576355
6691088978
6685460514
6688856897
6687601972
6685554467
6688565722
6686249379
6694119537
6694110889
6684791223
6686945075
6690801321
6690196885
6684366638
6683187038
6687862853
6683998671
6687679336
6688139548
6686698045
6682944029
6691718788
6688045399
6692759544
6685195604
6689739263
6689058227
6690056185
6684702235
6688455732
6688572671
6688040884
6683779972
6686124761
6683690781
6694366033
6683417084
6692050031
6691869108
6691990289
6683998037
6691226804
6689237259
6689386034
6689381080
6688502768
6690819701
6688662233
6687728678
6686916690
6683262065
6691513376
6686079884
6686749257
6689223705
6691897527
6694407209
6684604842
6683616192
6687317198
6684325208
6689685900
6693533638
6683651525
6693357365
6693440758
6686628728
6688013666
6685143944
6685226557
6692020939
6688291999
6683450677
6692586344
6688185583
6691242445
6688017747
6687169686
6693097898
6688847469
6694404496
6688237572
6694552703
6685162902
6686800031
6689055484
6691121958
6689569686
6684700017
6685017941
6694079938
6690562289
6693468435
6684473221
6691193814
6691004907
6687031053
6686722612
6689114380
6687840488
6685967895
6691602539
6683468738
6684325857
6687588643
6688093659
6693308322
6694008621
6693618685
6693322234
6689491062
6685585270
6688322205
6688377745
6692646627
6693476820
6693581087
6687245005
6692960363
6693965450
6683914359
6687083094
6692393807
6688855370
6688378286
6689841514
6689096419
6687363797
6694236542
6684411356
6692114420
6690956099
6686394306
6687483997
6687376614
6691165705
6685587111
6686493233
6691916812
6687491513
6684607609
6687634891
6684839098
6686361025
6693397715
6687091185
6694217735
6690460725
6690606398
6686286295
6687614338
6683039978
6693002671
6692834138
6683726529
6686352533
6683120968
6685189146
6684218846
6683563940
6691033211
6692398483
6682989929
6691010792
6692147651
6690169038
6690090647
6683106935
6689263832
6685922839
6683376607
6684702073
6692281012
6687079559
6691453008
6689992974
6688848628
6686828085
6693979787
6686941440
6687844810
6692194221
6690351681
6691133796
6688918608
6688781603
6688538745
6684006187
6694041978
6685068933
6690978279
6691250177
6691038157
6684086214
6690760459
6690845135
6688121333
6685004502
6693975441
6687605345
6690504351
6691053343
6692693232
6690058363
6692195041
6690968454
6690476716
6687388390
6686476947
6689932305
6689962106
6694028908
6694176295
6687392040
6686347469
6685258823
6690718837
6689993871
6683103187
6690321966
6687573895
6690199370
6687718954
6684347344
6694129820
6683291671
6694278430
6686809209
6688666397
6685542905
6684977880
6687225832
6687106131
6688397860
6686956533
6689586548
6688440723
6686939792
6693317947
6694643792
6684927926
6692787470
6691549977
6687315597
6694260097
6689374150
6690831565
6691153394
6683669844
6689250028
6686821653
6691789018
6684058348
6692044073
6690085184
6686787658
6689996853
6690267132
6688371145
6684097281
6694228854
6687281337
6692220238
6688369795
6683815529
6692772178
6691942505
6682841456
6692187719
6683785033
6685060756
6688176450
6683502246
6683515349
6692384905
6682804130
6683066834
6690465990
6692232567
6687079208
6689766120
6690477983
6688115295
6687907830
6691779061
6694565290
6686812276
6685365092
6692130336
6690631377
6684919619
6687982251
6691968519
6684935565
6693311868
6686033599
6691112975
6688881286
6684283416
6693736167
6689908302
6683810362
6686959330
6683759170
6688372957
6686634476
6684919194
6684766765
6688829808
6693907590
6683800296
6683889379
6690361578
6688606370
6688025597
6686502539
6683741623
6691380372